 0.4496435  0.45863637 0.46762925 0.4766221
 0.485615   0.49460784 0.5036007  0.51259357 0.5215865  0.5305793
 0.5395722  0.5485651  0.55755794 0.5665508  0.5755437  0.58453655
 0.5935294  0.6025223  0.61151516 0.620508   0.6295009  0.6384938
 0.6474866  0.65647954 0.6654724  0.67446524 0.68345815 0.692451
 0.70144385 0.7104367  0.7194296  0.72842246 0.7374153  0.7464082
 0.7554011  0.7643939  0.77338684 0.7823797  0.79137254 0.80036545
 0.8093583  0.81835115 0.82734406 0.8363369  0.84532976 0.8543227
 0.8633155  0.8723084  0.8813013  0.89029413 0.899287   0.9082799
 0.91727275 0.9262656  0.9352585  0.94425136 0.9532442  0.9622371
 0.97123    0.9802228  0.9892157  0.9982086  1.0072014  1.0161943
 1.0251871  1.03418    1.043173   1.0521657  1.0611587  1.0701516
 1.0791444  1.0881373  1.0971302  1.106123   1.1151159  1.1241088
 1.1331016  1.1420945  1.1510874  1.1600802  1.1690731  1.178066
 1.1870588  1.1960517  1.2050446  1.2140374  1.2230303  1.2320232
 1.241016   1.250009   1.2590019  1.2679946  1.2769876  1.2859805
 1.2949733  1.3039662  1.3129591  1.3219519  1.3309448  1.3399377
 1.3489305  1.3579234  1.3669163  1.3759091  1.384902   1.3938948
 1.4028877  1.4118806  1.4208734  1.4298663  1.4388592  1.447852
 1.4568449  1.4658378  1.4748306  1.4838235  1.4928164  1.5018092
 1.5108021  1.5197951  1.5287879  1.5377808  1.5467737  1.5557665
 1.5647594  1.5737523  1.5827451  1.591738   1.6007309  1.6097237
 1.6187166  1.6277095  1.6367023  1.6456952  1.6546881  1.6636809
 1.6726738  1.6816667  1.6906595  1.6996524  1.7086453  1.7176381
 1.726631   1.735624   1.7446167  1.7536097  1.7626026  1.7715954
 1.7805883  1.7895812  1.798574   1.8075669  1.8165598  1.8255526
 1.8345455  1.8435384  1.8525312  1.8615241  1.870517   1.8795098
 1.8885027  1.8974956  1.9064884  1.9154813  1.9244742  1.933467
 1.94246    1.9514527  1.9604456  1.9694386  1.9784313  1.9874243
 1.9964172  2.00541    2.0144029  2.0233958  2.0323887  2.0413816
 2.0503743  2.0593672  2.06836    2.077353   2.086346   2.0953388
 2.1043315  2.1133244  2.1223173  2.1313102  2.1403031  2.149296
 2.1582887  2.1672816  2.1762745  2.1852674  2.1942604  2.2032533
 2.212246   2.2212389  2.2302318  2.2392247  2.2482176  2.2572103
 2.2662032  2.275196   2.284189   2.293182   2.3021748  2.3111675
 2.3201604  2.3291533  2.3381462  2.3471391  2.356132   2.3651247
 2.3741176  2.3831105  2.3921034  2.4010963  2.4100893  2.419082
 2.4280748  2.4370677  2.4460607  2.4550536  2.4640465  2.4730392
 2.482032   2.491025   2.500018   2.5090108  2.5180037  2.5269964
 2.5359893  2.5449822  2.553975   2.562968   2.571961   2.5809536
 2.5899465  2.5989394  2.6079323  2.6169252  2.6259181  2.6349108
 2.6439037  2.6528966  2.6618896  2.6708825  2.6798754  2.688868
 2.697861   2.7068539  2.7158468  2.7248397  2.7338326  2.7428253
 2.7518182  2.760811   2.769804   2.778797   2.7877896  2.7967825
 2.8057754  2.8147683  2.8237612  2.8327541  2.8417468  2.8507397
 2.8597326  2.8687255  2.8777184  2.8867114  2.895704   2.904697
 2.9136899  2.9226828  2.9316757  2.9406686  2.9496613  2.9586542
 2.967647   2.97664    2.985633   2.9946258  3.0036185  3.0126114
 3.0216043  3.0305972  3.0395901  3.048583   3.0575757  3.0665686
 3.0755615  3.0845544  3.0935473  3.1025403  3.111533   3.1205258
 3.1295187  3.1385117  3.1475046  3.1564975  3.1654902  3.174483
 3.183476   3.192469   3.2014618  3.2104547  3.2194474  3.2284403
 3.2374332  3.246426   3.255419   3.264412   3.2734046  3.2823975
 3.2913904  3.3003833  3.3093762  3.318369   3.3273618  3.3363547
 3.3453476  3.3543406  3.3633335  3.3723261  3.381319   3.390312
 3.3993049  3.4082978  3.4172907  3.4262834  