 2.4280748  2.4370677  2.4460607  2.4550536  2.4640465  2.4730392
 2.482032   2.491025   2.500018   2.5090108  2.5180037  2.5269964
 2.5359893  2.5449822  2.553975   2.562968   2.571961   2.5809536
 2.5899465  2.5989394  2.6079323  2.6169252  2.6259181  2.6349108
 2.6439037  2.6528966  2.6618896  2.6708825  2.6798754  2.688868
 2.697861   2.7068539  2.7158468  2.7248397  2.7338326  2.7428253
 2.7518182  2.760811   2.769804   2.778797   2.7877896  2.7967825
 2.8057754  2.8147683  2.8237612  2.8327541  2.8417468  2.8507397
 2.8597326  2.8687255  2.8777184  2.8867114  2.895704   2.904697
 2.9136899  2.9226828  2.9316757  2.9406686  2.9496613  2.9586542
 2.967647   2.97664    2.985633   2.9946258  3.0036185  3.0126114
 3.0216043  3.0305972  3.0395901  3.048583   3.0575757  3.0665686
 3.0755615  3.0845544  3.0935473  3.1025403  3.111533   3.1205258
 3.1295187  3.1385117  3.1475046  3.1564975  3.1654902  3.174483
 3.183476   3.192469   3.2014618  3.2104547  3.2194474  3.2284403
 3.2374332  3.246426   3.255419   3.264412   3.2734046  3.2823975
 3.2913904  3.3003833  3.3093762  3.318369   3.3273618  3.3363547
 3.3453476  3.3543406  3.3633335  3.3723261  3.381319   3.390312
 3.3993049  3.4082978  3.4172907  3.4262834  3.4352763  3.4442692
 3.453262   3.462255   3.471248   3.4802406  3.4892335  3.4982264
 3.5072193  3.5162122  3.5252051  3.5341978  3.5431907  3.5521836
 3.5611765  3.5701694  3.5791624  3.588155   3.597148   3.6061409
 3.6151338  3.6241267  3.6331196  3.6421123  3.6511052  3.660098
 3.669091   3.678084   3.6870768  3.6960695  3.7050624  3.7140553
 3.7230482  3.7320411  3.741034   3.7500267  3.7590196  3.7680125
 3.7770054  3.7859983  3.7949913  3.803984   3.8129768  3.8219697
 3.8309627  3.8399556  3.8489485  3.8579412  3.866934   3.875927
 3.88492    3.8939128  3.9029055  3.9118984  3.9208913  3.9298842
 3.938877   3.94787    3.9568627  3.9658556  3.9748485  3.9838414
 3.9928343  4.0018272  4.01082    4.019813   4.0288057  4.0377984
 4.0467916  4.055784   4.0647774  4.07377    4.082763   4.091756
 4.1007485  4.1097417  4.1187344  4.1277275  4.13672    4.145713
 4.154706   4.1636987  4.172692   4.1816845  4.1906776  4.1996703
 4.208663   4.217656   4.226649   4.235642   4.2446346  4.2536273
 4.2626204  4.271613   4.2806063  4.289599   4.298592   4.307585
 4.3165774  4.3255706  4.3345633  4.3435564  4.352549   4.3615417
 4.370535   4.3795276  4.3885207  4.3975134  4.4065065  4.415499
 4.424492   4.433485   4.4424777  4.451471   4.4604635  4.469456
 4.4784493  4.487442   4.496435   4.505428   4.5144205  4.5234137
 4.5324063  4.5413995  4.550392   4.5593853  4.568378   4.5773706
 4.586364   4.5953565  4.6043496  4.6133423  4.622335   4.631328
 4.640321   4.649314   4.6583066  4.6672997  4.6762924  4.685285
 4.6942782  4.703271   4.712264   4.7212567  4.7302494  4.7392426
 4.748235   4.7572284  4.766221   4.775214   4.784207   4.7931995
 4.8021927  4.8111854  4.8201785  4.829171   4.838164   4.847157
 4.8561497  4.865143   4.8741355  4.8831286  4.8921213  4.901114
 4.910107   4.9191     4.928093   4.9370856  4.9460783  4.9550714
 4.964064   4.9730573  4.98205    4.9910426  5.000036   5.0090284
 5.0180216  5.0270143  5.0360074  5.045      5.0539927  5.062986
 5.0719786  5.0809717  5.0899644  5.098957   5.10795    5.116943
 5.125936   5.1349287  5.143922   5.1529145  5.161907   5.1709003
 5.179893   5.188886   5.197879   5.2068715  5.2158647  5.2248573
 5.2338505  5.242843   5.2518363  5.260829   5.2698216  5.278815
 5.2878075  5.2968006  5.3057933  5.314786   5.323779   5.332772
 5.341765   5.3507576  5.3597507  5.3687434  5.377736   5.3867292
 5.395722   5.404715   5.4137077  5.4227004  5.4316936  5.440686
 